0.0285714285714	1.0
0.0571428571429	1.0
0.0857142857143	1.0
0.114285714286	1.0
0.142857142857	1.0
0.171428571429	1.0
0.2	1.0
0.228571428571	1.0
0.257142857143	1.0
0.257142857143	0.9
0.257142857143	0.818181818182
0.285714285714	0.833333333333
0.314285714286	0.846153846154
0.314285714286	0.785714285714
0.314285714286	0.733333333333
0.342857142857	0.75
0.342857142857	0.705882352941
0.371428571429	0.722222222222
0.4	0.736842105263
0.4	0.7
0.428571428571	0.714285714286
0.428571428571	0.681818181818
0.428571428571	0.652173913043
0.457142857143	0.666666666667
0.485714285714	0.68
0.485714285714	0.653846153846
0.485714285714	0.62962962963
0.514285714286	0.642857142857
0.542857142857	0.655172413793
0.542857142857	0.633333333333
0.542857142857	0.612903225806
0.542857142857	0.59375
0.542857142857	0.575757575758
0.571428571429	0.588235294118
0.571428571429	0.571428571429
0.571428571429	0.555555555556
0.571428571429	0.540540540541
0.571428571429	0.526315789474
0.571428571429	0.512820512821
0.571428571429	0.5
0.571428571429	0.487804878049
0.571428571429	0.47619047619
0.571428571429	0.46511627907
0.571428571429	0.454545454545
0.571428571429	0.444444444444
0.571428571429	0.434782608696
0.571428571429	0.425531914894
0.6	0.4375
0.6	0.428571428571
0.6	0.42
0.6	0.411764705882
0.628571428571	0.423076923077
0.628571428571	0.415094339623
0.657142857143	0.425925925926
0.657142857143	0.418181818182
0.657142857143	0.410714285714
0.657142857143	0.40350877193
0.657142857143	0.396551724138
0.657142857143	0.389830508475
0.657142857143	0.383333333333
0.657142857143	0.377049180328
0.657142857143	0.370967741935
0.657142857143	0.365079365079
0.657142857143	0.359375
0.657142857143	0.353846153846
0.657142857143	0.348484848485
0.657142857143	0.34328358209
0.657142857143	0.338235294118
0.657142857143	0.333333333333
0.657142857143	0.328571428571
0.657142857143	0.323943661972
0.657142857143	0.319444444444
0.657142857143	0.315068493151
0.657142857143	0.310810810811
0.657142857143	0.306666666667
0.657142857143	0.302631578947
0.657142857143	0.298701298701
0.657142857143	0.294871794872
0.657142857143	0.291139240506
0.657142857143	0.2875
0.685714285714	0.296296296296
0.685714285714	0.292682926829
0.685714285714	0.289156626506
0.685714285714	0.285714285714
0.685714285714	0.282352941176
0.685714285714	0.279069767442
0.685714285714	0.275862068966
0.685714285714	0.272727272727
0.685714285714	0.269662921348
0.685714285714	0.266666666667
0.685714285714	0.263736263736
0.685714285714	0.260869565217
0.685714285714	0.258064516129
0.685714285714	0.255319148936
0.685714285714	0.252631578947
0.685714285714	0.25
0.685714285714	0.247422680412
0.685714285714	0.244897959184
0.685714285714	0.242424242424
0.685714285714	0.24
0.685714285714	0.237623762376
0.685714285714	0.235294117647
0.685714285714	0.233009708738
0.685714285714	0.230769230769
0.685714285714	0.228571428571
0.685714285714	0.22641509434
0.685714285714	0.224299065421
0.685714285714	0.222222222222
0.714285714286	0.229357798165
0.714285714286	0.227272727273
0.714285714286	0.225225225225
0.714285714286	0.223214285714
0.714285714286	0.221238938053
0.714285714286	0.219298245614
0.714285714286	0.217391304348
0.714285714286	0.215517241379
0.714285714286	0.213675213675
0.714285714286	0.21186440678
0.714285714286	0.210084033613
0.714285714286	0.208333333333
0.714285714286	0.206611570248
0.714285714286	0.204918032787
0.714285714286	0.20325203252
0.714285714286	0.201612903226
0.714285714286	0.2
0.714285714286	0.198412698413
0.714285714286	0.196850393701
0.714285714286	0.1953125
0.714285714286	0.193798449612
0.714285714286	0.192307692308
0.714285714286	0.190839694656
0.714285714286	0.189393939394
0.714285714286	0.187969924812
0.714285714286	0.186567164179
0.714285714286	0.185185185185
0.714285714286	0.183823529412
0.714285714286	0.182481751825
0.714285714286	0.18115942029
0.714285714286	0.179856115108
0.714285714286	0.178571428571
0.714285714286	0.177304964539
0.714285714286	0.176056338028
0.714285714286	0.174825174825
0.714285714286	0.173611111111
0.714285714286	0.172413793103
0.714285714286	0.171232876712
0.714285714286	0.170068027211
0.714285714286	0.168918918919
0.714285714286	0.167785234899
0.714285714286	0.166666666667
0.714285714286	0.165562913907
0.714285714286	0.164473684211
0.714285714286	0.16339869281
0.714285714286	0.162337662338
0.714285714286	0.161290322581
0.714285714286	0.160256410256
0.714285714286	0.15923566879
0.714285714286	0.158227848101
0.714285714286	0.157232704403
0.714285714286	0.15625
0.714285714286	0.155279503106
0.714285714286	0.154320987654
0.714285714286	0.153374233129
0.714285714286	0.15243902439
0.714285714286	0.151515151515
0.714285714286	0.150602409639
0.714285714286	0.149700598802
0.714285714286	0.14880952381
0.714285714286	0.147928994083
0.714285714286	0.147058823529
0.714285714286	0.146198830409
0.714285714286	0.145348837209
0.714285714286	0.14450867052
0.714285714286	0.14367816092
0.714285714286	0.142857142857
0.714285714286	0.142045454545
0.714285714286	0.141242937853
0.714285714286	0.140449438202
0.714285714286	0.139664804469
0.714285714286	0.138888888889
0.714285714286	0.138121546961
0.714285714286	0.137362637363
0.714285714286	0.136612021858
0.714285714286	0.135869565217
0.714285714286	0.135135135135
0.714285714286	0.134408602151
0.714285714286	0.133689839572
0.714285714286	0.132978723404
0.714285714286	0.132275132275
0.714285714286	0.131578947368
0.714285714286	0.130890052356
0.714285714286	0.130208333333
0.714285714286	0.129533678756
0.714285714286	0.128865979381
0.714285714286	0.128205128205
0.714285714286	0.127551020408
0.714285714286	0.126903553299
0.714285714286	0.126262626263
0.714285714286	0.125628140704
0.714285714286	0.125
0.714285714286	0.124378109453
0.714285714286	0.123762376238
0.714285714286	0.12315270936
0.742857142857	0.127450980392
0.742857142857	0.126829268293
0.742857142857	0.126213592233
0.742857142857	0.125603864734
0.742857142857	0.125
0.742857142857	0.124401913876
0.742857142857	0.12380952381
0.742857142857	0.123222748815
0.742857142857	0.122641509434
0.742857142857	0.1220657277
0.742857142857	0.121495327103
0.742857142857	0.120930232558
0.742857142857	0.12037037037
0.742857142857	0.119815668203
0.742857142857	0.119266055046
0.742857142857	0.118721461187
0.742857142857	0.118181818182
0.742857142857	0.117647058824
0.742857142857	0.117117117117
0.742857142857	0.116591928251
0.742857142857	0.116071428571
0.742857142857	0.115555555556
0.742857142857	0.115044247788
0.742857142857	0.114537444934
0.742857142857	0.114035087719
0.742857142857	0.113537117904
0.742857142857	0.113043478261
0.742857142857	0.112554112554
0.742857142857	0.112068965517
0.742857142857	0.111587982833
0.742857142857	0.111111111111
0.742857142857	0.110638297872
0.742857142857	0.110169491525
0.742857142857	0.10970464135
0.742857142857	0.109243697479
0.742857142857	0.108786610879
0.742857142857	0.108333333333
0.742857142857	0.107883817427
0.742857142857	0.107438016529
0.742857142857	0.106995884774
0.742857142857	0.106557377049
0.742857142857	0.10612244898
0.742857142857	0.105691056911
0.742857142857	0.105263157895
0.742857142857	0.104838709677
0.742857142857	0.104417670683
0.742857142857	0.104
0.742857142857	0.103585657371
0.742857142857	0.103174603175
0.742857142857	0.102766798419
0.742857142857	0.102362204724
0.742857142857	0.101960784314
0.742857142857	0.1015625
0.742857142857	0.101167315175
0.742857142857	0.100775193798
0.742857142857	0.100386100386
0.742857142857	0.1
0.742857142857	0.0996168582375
0.742857142857	0.0992366412214
0.742857142857	0.0988593155894
0.742857142857	0.0984848484848
0.742857142857	0.0981132075472
0.742857142857	0.0977443609023
0.742857142857	0.0973782771536
0.742857142857	0.0970149253731
0.742857142857	0.0966542750929
0.742857142857	0.0962962962963
0.742857142857	0.0959409594096
0.742857142857	0.0955882352941
0.742857142857	0.0952380952381
0.742857142857	0.0948905109489
0.742857142857	0.0945454545455
0.742857142857	0.0942028985507
0.742857142857	0.0938628158845
0.742857142857	0.0935251798561
0.742857142857	0.0931899641577
0.742857142857	0.0928571428571
0.742857142857	0.0925266903915
0.742857142857	0.0921985815603
0.742857142857	0.0918727915194
0.742857142857	0.0915492957746
0.742857142857	0.0912280701754
0.742857142857	0.0909090909091
0.742857142857	0.0905923344948
0.742857142857	0.0902777777778
0.742857142857	0.0899653979239
0.742857142857	0.0896551724138
0.742857142857	0.0893470790378
0.742857142857	0.0890410958904
0.742857142857	0.0887372013652
0.742857142857	0.0884353741497
0.742857142857	0.0881355932203
0.742857142857	0.0878378378378
0.742857142857	0.0875420875421
0.742857142857	0.0872483221477
0.742857142857	0.0869565217391
0.742857142857	0.0866666666667
0.742857142857	0.0863787375415
0.742857142857	0.0860927152318
0.742857142857	0.0858085808581
0.742857142857	0.0855263157895
0.742857142857	0.0852459016393
0.742857142857	0.0849673202614
0.742857142857	0.0846905537459
0.742857142857	0.0844155844156
0.742857142857	0.084142394822
0.742857142857	0.0838709677419
0.742857142857	0.0836012861736
0.742857142857	0.0833333333333
0.742857142857	0.0830670926518
0.742857142857	0.0828025477707
0.742857142857	0.0825396825397
0.742857142857	0.0822784810127
0.742857142857	0.0820189274448
0.742857142857	0.0817610062893
0.742857142857	0.0815047021944
0.742857142857	0.08125
0.742857142857	0.0809968847352
0.742857142857	0.0807453416149
0.742857142857	0.0804953560372
0.742857142857	0.0802469135802
0.742857142857	0.08
0.742857142857	0.079754601227
0.742857142857	0.0795107033639
0.742857142857	0.0792682926829
0.742857142857	0.0790273556231
0.742857142857	0.0787878787879
0.742857142857	0.0785498489426
0.742857142857	0.078313253012
0.742857142857	0.0780780780781
0.742857142857	0.0778443113772
0.742857142857	0.0776119402985
0.742857142857	0.077380952381
0.742857142857	0.0771513353116
0.742857142857	0.0769230769231
0.742857142857	0.0766961651917
0.742857142857	0.0764705882353
0.742857142857	0.0762463343109
0.742857142857	0.0760233918129
0.742857142857	0.0758017492711
0.742857142857	0.0755813953488
0.742857142857	0.0753623188406
0.742857142857	0.0751445086705
0.742857142857	0.0749279538905
0.742857142857	0.0747126436782
0.742857142857	0.0744985673352
0.742857142857	0.0742857142857
0.742857142857	0.0740740740741
0.742857142857	0.0738636363636
0.742857142857	0.0736543909348
0.742857142857	0.0734463276836
0.742857142857	0.0732394366197
0.742857142857	0.0730337078652
0.742857142857	0.0728291316527
0.742857142857	0.072625698324
0.742857142857	0.0724233983287
0.742857142857	0.0722222222222
0.742857142857	0.0720221606648
0.742857142857	0.0718232044199
0.742857142857	0.0716253443526
0.742857142857	0.0714285714286
0.742857142857	0.0712328767123
0.742857142857	0.0710382513661
0.742857142857	0.0708446866485
0.742857142857	0.070652173913
0.742857142857	0.070460704607
0.742857142857	0.0702702702703
0.742857142857	0.0700808625337
0.742857142857	0.0698924731183
0.742857142857	0.0697050938338
0.742857142857	0.0695187165775
0.742857142857	0.0693333333333
0.742857142857	0.0691489361702
0.742857142857	0.0689655172414
0.742857142857	0.0687830687831
0.742857142857	0.0686015831135
0.742857142857	0.0684210526316
0.742857142857	0.0682414698163
0.742857142857	0.0680628272251
0.742857142857	0.0678851174935
0.742857142857	0.0677083333333
0.742857142857	0.0675324675325
0.742857142857	0.0673575129534
0.742857142857	0.0671834625323
0.742857142857	0.0670103092784
0.742857142857	0.0668380462725
0.742857142857	0.0666666666667
0.742857142857	0.0664961636829
0.742857142857	0.0663265306122
0.742857142857	0.0661577608142
0.742857142857	0.0659898477157
0.742857142857	0.0658227848101
0.742857142857	0.0656565656566
0.742857142857	0.0654911838791
0.742857142857	0.0653266331658
0.742857142857	0.0651629072682
0.742857142857	0.065
0.742857142857	0.0648379052369
0.742857142857	0.0646766169154
0.742857142857	0.0645161290323
0.742857142857	0.0643564356436
0.742857142857	0.0641975308642
0.742857142857	0.064039408867
0.742857142857	0.0638820638821
0.742857142857	0.0637254901961
0.742857142857	0.0635696821516
0.742857142857	0.0634146341463
0.742857142857	0.0632603406326
0.742857142857	0.0631067961165
0.742857142857	0.0629539951574
0.742857142857	0.0628019323671
0.742857142857	0.0626506024096
0.742857142857	0.0625
0.742857142857	0.0623501199041
0.742857142857	0.0622009569378
0.742857142857	0.0620525059666
0.742857142857	0.0619047619048
0.742857142857	0.061757719715
0.742857142857	0.0616113744076
0.742857142857	0.0614657210402
0.742857142857	0.061320754717
0.742857142857	0.0611764705882
0.742857142857	0.0610328638498
0.742857142857	0.0608899297424
0.742857142857	0.0607476635514
0.742857142857	0.0606060606061
0.742857142857	0.0604651162791
0.742857142857	0.0603248259861
0.742857142857	0.0601851851852
0.742857142857	0.0600461893764
0.742857142857	0.0599078341014
0.742857142857	0.0597701149425
0.771428571429	0.0619266055046
0.771428571429	0.0617848970252
0.771428571429	0.0616438356164
0.771428571429	0.0615034168565
0.771428571429	0.0613636363636
0.771428571429	0.0612244897959
0.771428571429	0.0610859728507
0.771428571429	0.0609480812641
0.771428571429	0.0608108108108
0.771428571429	0.0606741573034
0.771428571429	0.0605381165919
0.771428571429	0.0604026845638
0.771428571429	0.0602678571429
0.771428571429	0.0601336302895
0.771428571429	0.06
0.771428571429	0.059866962306
0.771428571429	0.0597345132743
0.771428571429	0.0596026490066
0.771428571429	0.0594713656388
0.771428571429	0.0593406593407
0.771428571429	0.0592105263158
0.771428571429	0.0590809628009
0.771428571429	0.0589519650655
0.771428571429	0.0588235294118
0.771428571429	0.0586956521739
0.771428571429	0.058568329718
0.771428571429	0.0584415584416
0.771428571429	0.0583153347732
0.771428571429	0.0581896551724
0.771428571429	0.058064516129
0.771428571429	0.0579399141631
0.771428571429	0.0578158458244
0.771428571429	0.0576923076923
0.771428571429	0.0575692963753
0.771428571429	0.0574468085106
0.771428571429	0.0573248407643
0.771428571429	0.0572033898305
0.771428571429	0.0570824524313
0.771428571429	0.0569620253165
0.771428571429	0.0568421052632
0.771428571429	0.0567226890756
0.771428571429	0.0566037735849
0.771428571429	0.0564853556485
0.771428571429	0.0563674321503
0.771428571429	0.05625
0.771428571429	0.0561330561331
0.771428571429	0.0560165975104
0.771428571429	0.055900621118
0.771428571429	0.0557851239669
0.771428571429	0.0556701030928
0.771428571429	0.0555555555556
0.771428571429	0.0554414784394
0.771428571429	0.0553278688525
0.771428571429	0.0552147239264
0.771428571429	0.0551020408163
0.771428571429	0.0549898167006
0.771428571429	0.0548780487805
0.771428571429	0.0547667342799
0.771428571429	0.0546558704453
0.771428571429	0.0545454545455
0.771428571429	0.054435483871
0.771428571429	0.0543259557344
0.771428571429	0.0542168674699
0.771428571429	0.0541082164329
0.771428571429	0.054
0.771428571429	0.0538922155689
0.771428571429	0.0537848605578
0.771428571429	0.0536779324056
0.771428571429	0.0535714285714
0.771428571429	0.0534653465347
0.771428571429	0.0533596837945
0.771428571429	0.0532544378698
0.771428571429	0.0531496062992
0.771428571429	0.0530451866405
0.771428571429	0.0529411764706
0.771428571429	0.0528375733855
0.771428571429	0.052734375
0.771428571429	0.0526315789474
0.771428571429	0.0525291828794
0.771428571429	0.052427184466
0.771428571429	0.0523255813953
0.771428571429	0.0522243713733
0.771428571429	0.0521235521236
0.771428571429	0.0520231213873
0.771428571429	0.0519230769231
0.771428571429	0.0518234165067
0.771428571429	0.051724137931
0.771428571429	0.0516252390057
0.771428571429	0.0515267175573
0.771428571429	0.0514285714286
0.771428571429	0.0513307984791
0.771428571429	0.0512333965844
0.771428571429	0.0511363636364
0.771428571429	0.0510396975425
0.771428571429	0.0509433962264
0.771428571429	0.0508474576271
0.771428571429	0.0507518796992
0.771428571429	0.0506566604128
0.771428571429	0.0505617977528
0.771428571429	0.0504672897196
0.771428571429	0.0503731343284
0.771428571429	0.0502793296089
0.771428571429	0.0501858736059
0.771428571429	0.0500927643785
0.771428571429	0.05
0.771428571429	0.0499075785582
0.771428571429	0.049815498155
0.771428571429	0.0497237569061
0.771428571429	0.0496323529412
0.771428571429	0.0495412844037
0.771428571429	0.0494505494505
0.771428571429	0.0493601462523
0.771428571429	0.0492700729927
0.771428571429	0.0491803278689
0.771428571429	0.0490909090909
0.771428571429	0.049001814882
0.771428571429	0.0489130434783
0.771428571429	0.0488245931284
0.771428571429	0.0487364620939
0.771428571429	0.0486486486486
0.771428571429	0.0485611510791
0.771428571429	0.048473967684
0.771428571429	0.0483870967742
0.771428571429	0.0483005366726
0.771428571429	0.0482142857143
0.771428571429	0.048128342246
0.771428571429	0.0480427046263
0.771428571429	0.0479573712256
0.771428571429	0.0478723404255
0.771428571429	0.0477876106195
0.771428571429	0.047703180212
0.771428571429	0.047619047619
0.771428571429	0.0475352112676
0.771428571429	0.0474516695958
0.771428571429	0.0473684210526
0.771428571429	0.0472854640981
0.771428571429	0.0472027972028
0.771428571429	0.0471204188482
0.771428571429	0.0470383275261
0.771428571429	0.0469565217391
0.771428571429	0.046875
0.771428571429	0.0467937608319
0.771428571429	0.0467128027682
0.771428571429	0.0466321243523
0.771428571429	0.0465517241379
0.771428571429	0.0464716006885
0.771428571429	0.0463917525773
0.771428571429	0.0463121783877
0.771428571429	0.0462328767123
0.771428571429	0.0461538461538
0.771428571429	0.0460750853242
0.771428571429	0.045996592845
0.771428571429	0.0459183673469
0.771428571429	0.0458404074703
0.771428571429	0.0457627118644
0.771428571429	0.0456852791878
0.771428571429	0.0456081081081
0.771428571429	0.0455311973019
0.771428571429	0.0454545454545
0.771428571429	0.0453781512605
0.771428571429	0.0453020134228
0.771428571429	0.0452261306533
0.771428571429	0.0451505016722
0.771428571429	0.0450751252087
0.771428571429	0.045
0.771428571429	0.044925124792
0.771428571429	0.0448504983389
0.771428571429	0.044776119403
0.771428571429	0.044701986755
0.771428571429	0.0446280991736
0.771428571429	0.0445544554455
0.771428571429	0.0444810543657
0.771428571429	0.0444078947368
0.771428571429	0.0443349753695
0.771428571429	0.044262295082
0.771428571429	0.0441898527005
0.771428571429	0.0441176470588
0.771428571429	0.0440456769984
0.771428571429	0.0439739413681
0.771428571429	0.0439024390244
0.771428571429	0.0438311688312
0.771428571429	0.0437601296596
0.771428571429	0.0436893203883
0.771428571429	0.0436187399031
0.771428571429	0.0435483870968
0.771428571429	0.0434782608696
0.771428571429	0.0434083601286
0.771428571429	0.0433386837881
0.771428571429	0.0432692307692
0.771428571429	0.0432
0.771428571429	0.0431309904153
0.771428571429	0.0430622009569
0.771428571429	0.0429936305732
0.771428571429	0.0429252782194
0.771428571429	0.0428571428571
0.771428571429	0.0427892234548
0.771428571429	0.0427215189873
0.771428571429	0.042654028436
0.771428571429	0.0425867507886
0.771428571429	0.0425196850394
0.771428571429	0.0424528301887
0.771428571429	0.0423861852433
0.771428571429	0.0423197492163
0.771428571429	0.0422535211268
0.771428571429	0.0421875
0.771428571429	0.0421216848674
0.771428571429	0.0420560747664
0.771428571429	0.0419906687403
0.771428571429	0.0419254658385
0.771428571429	0.0418604651163
0.771428571429	0.0417956656347
0.771428571429	0.0417310664606
0.771428571429	0.0416666666667
0.771428571429	0.0416024653313
0.771428571429	0.0415384615385
0.771428571429	0.0414746543779
0.771428571429	0.0414110429448
0.771428571429	0.04134762634
0.771428571429	0.0412844036697
0.771428571429	0.0412213740458
0.771428571429	0.0411585365854
0.771428571429	0.041095890411
0.771428571429	0.0410334346505
0.771428571429	0.040971168437
0.771428571429	0.0409090909091
0.771428571429	0.0408472012103
0.771428571429	0.0407854984894
0.771428571429	0.0407239819005
0.771428571429	0.0406626506024
0.771428571429	0.0406015037594
0.771428571429	0.0405405405405
0.771428571429	0.0404797601199
0.771428571429	0.0404191616766
0.771428571429	0.0403587443946
0.771428571429	0.0402985074627
0.771428571429	0.0402384500745
0.771428571429	0.0401785714286
0.771428571429	0.0401188707281
0.771428571429	0.040059347181
0.771428571429	0.04
0.771428571429	0.0399408284024
0.771428571429	0.03988183161
0.771428571429	0.0398230088496
0.771428571429	0.039764359352
0.771428571429	0.0397058823529
0.771428571429	0.0396475770925
0.771428571429	0.0395894428152
0.771428571429	0.0395314787701
0.771428571429	0.0394736842105
0.771428571429	0.0394160583942
0.771428571429	0.0393586005831
0.771428571429	0.0393013100437
0.771428571429	0.0392441860465
0.771428571429	0.0391872278665
0.771428571429	0.0391304347826
0.771428571429	0.0390738060781
0.771428571429	0.0390173410405
0.771428571429	0.038961038961
0.771428571429	0.0389048991354
0.771428571429	0.0388489208633
0.771428571429	0.0387931034483
0.771428571429	0.038737446198
0.771428571429	0.0386819484241
0.771428571429	0.0386266094421
0.771428571429	0.0385714285714
0.771428571429	0.0385164051355
0.771428571429	0.0384615384615
0.771428571429	0.0384068278805
0.771428571429	0.0383522727273
0.771428571429	0.0382978723404
0.771428571429	0.0382436260623
0.771428571429	0.038189533239
0.771428571429	0.0381355932203
0.771428571429	0.0380818053597
0.771428571429	0.0380281690141
0.771428571429	0.0379746835443
0.771428571429	0.0379213483146
0.771428571429	0.0378681626928
0.771428571429	0.0378151260504
0.771428571429	0.0377622377622
0.771428571429	0.0377094972067
0.771428571429	0.0376569037657
0.771428571429	0.0376044568245
0.771428571429	0.0375521557719
0.771428571429	0.0375
0.771428571429	0.0374479889043
0.771428571429	0.0373961218837
0.771428571429	0.0373443983402
0.771428571429	0.0372928176796
0.771428571429	0.0372413793103
0.771428571429	0.0371900826446
0.771428571429	0.0371389270977
0.771428571429	0.0370879120879
0.771428571429	0.037037037037
0.771428571429	0.0369863013699
0.771428571429	0.0369357045144
0.771428571429	0.0368852459016
0.771428571429	0.0368349249659
0.771428571429	0.0367847411444
0.771428571429	0.0367346938776
0.771428571429	0.0366847826087
0.771428571429	0.0366350067843
0.771428571429	0.0365853658537
0.771428571429	0.0365358592693
0.771428571429	0.0364864864865
0.771428571429	0.0364372469636
0.771428571429	0.0363881401617
0.771428571429	0.0363391655451
0.771428571429	0.0362903225806
0.771428571429	0.0362416107383
0.771428571429	0.0361930294906
0.771428571429	0.0361445783133
0.771428571429	0.0360962566845
0.771428571429	0.0360480640854
0.771428571429	0.036
0.771428571429	0.0359520639148
0.771428571429	0.0359042553191
0.771428571429	0.0358565737052
0.771428571429	0.0358090185676
0.771428571429	0.035761589404
0.771428571429	0.0357142857143
0.771428571429	0.0356671070013
0.771428571429	0.0356200527704
0.771428571429	0.0355731225296
0.771428571429	0.0355263157895
0.771428571429	0.0354796320631
0.771428571429	0.0354330708661
0.771428571429	0.0353866317169
0.771428571429	0.0353403141361
0.771428571429	0.0352941176471
0.771428571429	0.0352480417755
0.771428571429	0.0352020860495
0.771428571429	0.03515625
0.771428571429	0.0351105331599
0.771428571429	0.0350649350649
0.771428571429	0.0350194552529
0.771428571429	0.0349740932642
0.771428571429	0.0349288486417
0.771428571429	0.0348837209302
0.771428571429	0.0348387096774
0.771428571429	0.034793814433
0.771428571429	0.034749034749
0.771428571429	0.0347043701799
0.771428571429	0.0346598202824
0.771428571429	0.0346153846154
0.771428571429	0.0345710627401
0.771428571429	0.0345268542199
0.771428571429	0.0344827586207
0.771428571429	0.0344387755102
0.771428571429	0.0343949044586
0.771428571429	0.0343511450382
0.771428571429	0.0343074968234
0.771428571429	0.0342639593909
0.771428571429	0.0342205323194
0.771428571429	0.0341772151899
0.771428571429	0.0341340075853
0.771428571429	0.0340909090909
0.771428571429	0.0340479192938
0.771428571429	0.0340050377834
0.771428571429	0.0339622641509
0.771428571429	0.0339195979899
0.771428571429	0.0338770388959
0.771428571429	0.0338345864662
0.771428571429	0.0337922403004
0.771428571429	0.03375
0.771428571429	0.0337078651685
0.771428571429	0.0336658354115
0.771428571429	0.0336239103362
0.771428571429	0.0335820895522
0.771428571429	0.0335403726708
0.771428571429	0.0334987593052
0.771428571429	0.0334572490706
0.771428571429	0.0334158415842
0.771428571429	0.0333745364648
0.771428571429	0.0333333333333
0.771428571429	0.0332922318126
0.771428571429	0.0332512315271
0.771428571429	0.0332103321033
0.771428571429	0.0331695331695
0.771428571429	0.0331288343558
0.771428571429	0.0330882352941
0.771428571429	0.0330477356181
0.771428571429	0.0330073349633
0.771428571429	0.032967032967
0.771428571429	0.0329268292683
0.771428571429	0.0328867235079
0.771428571429	0.0328467153285
0.771428571429	0.0328068043742
0.771428571429	0.0327669902913
0.771428571429	0.0327272727273
0.771428571429	0.0326876513317
0.771428571429	0.0326481257557
0.771428571429	0.0326086956522
0.771428571429	0.0325693606755
0.771428571429	0.0325301204819
0.771428571429	0.0324909747292
0.771428571429	0.0324519230769
0.771428571429	0.0324129651861
0.771428571429	0.0323741007194
0.771428571429	0.0323353293413
0.771428571429	0.0322966507177
0.771428571429	0.0322580645161
0.771428571429	0.0322195704057
0.771428571429	0.0321811680572
0.771428571429	0.0321428571429
0.771428571429	0.0321046373365
0.771428571429	0.0320665083135
0.771428571429	0.0320284697509
0.771428571429	0.031990521327
0.771428571429	0.0319526627219
0.771428571429	0.031914893617
0.771428571429	0.0318772136954
0.771428571429	0.0318396226415
0.771428571429	0.0318021201413
0.771428571429	0.0317647058824
0.771428571429	0.0317273795535
0.771428571429	0.0316901408451
0.771428571429	0.031652989449
0.771428571429	0.0316159250585
0.771428571429	0.0315789473684
0.771428571429	0.0315420560748
0.771428571429	0.0315052508751
0.771428571429	0.0314685314685
0.771428571429	0.0314318975553
0.771428571429	0.0313953488372
0.771428571429	0.0313588850174
0.771428571429	0.0313225058005
0.771428571429	0.0312862108922
0.771428571429	0.03125
0.771428571429	0.0312138728324
0.771428571429	0.0311778290993
0.771428571429	0.0311418685121
0.771428571429	0.0311059907834
0.771428571429	0.0310701956272
0.771428571429	0.0310344827586
0.771428571429	0.0309988518944
0.771428571429	0.0309633027523
0.771428571429	0.0309278350515
0.771428571429	0.0308924485126
0.771428571429	0.0308571428571
0.771428571429	0.0308219178082
0.771428571429	0.0307867730901
0.771428571429	0.0307517084282
0.771428571429	0.0307167235495
0.771428571429	0.0306818181818
0.771428571429	0.0306469920545
0.771428571429	0.030612244898
0.771428571429	0.0305775764439
0.771428571429	0.0305429864253
0.771428571429	0.0305084745763
0.771428571429	0.0304740406321
0.771428571429	0.0304396843292
0.771428571429	0.0304054054054
0.771428571429	0.0303712035996
0.771428571429	0.0303370786517
0.771428571429	0.030303030303
0.771428571429	0.030269058296
0.771428571429	0.030235162374
0.771428571429	0.0302013422819
0.771428571429	0.0301675977654
0.771428571429	0.0301339285714
0.771428571429	0.0301003344482
0.771428571429	0.0300668151448
0.771428571429	0.0300333704116
0.771428571429	0.03
0.771428571429	0.0299667036626
0.771428571429	0.029933481153
0.771428571429	0.0299003322259
0.771428571429	0.0298672566372
0.771428571429	0.0298342541436
0.771428571429	0.0298013245033
0.771428571429	0.0297684674752
0.771428571429	0.0297356828194
0.771428571429	0.029702970297
0.771428571429	0.0296703296703
0.771428571429	0.0296377607025
0.771428571429	0.0296052631579
0.771428571429	0.0295728368018
0.771428571429	0.0295404814004
0.771428571429	0.0295081967213
0.771428571429	0.0294759825328
0.771428571429	0.0294438386041
0.771428571429	0.0294117647059
0.771428571429	0.0293797606094
0.771428571429	0.029347826087
0.771428571429	0.0293159609121
0.771428571429	0.029284164859
0.771428571429	0.0292524377031
0.771428571429	0.0292207792208
0.771428571429	0.0291891891892
0.771428571429	0.0291576673866
0.771428571429	0.0291262135922
0.771428571429	0.0290948275862
0.771428571429	0.0290635091496
0.771428571429	0.0290322580645
0.771428571429	0.0290010741139
0.771428571429	0.0289699570815
0.771428571429	0.0289389067524
0.771428571429	0.0289079229122
0.771428571429	0.0288770053476
0.771428571429	0.0288461538462
0.771428571429	0.0288153681964
0.771428571429	0.0287846481876
0.771428571429	0.0287539936102
0.771428571429	0.0287234042553
0.771428571429	0.028692879915
0.771428571429	0.0286624203822
0.771428571429	0.0286320254507
0.771428571429	0.0286016949153
0.771428571429	0.0285714285714
0.771428571429	0.0285412262156
0.771428571429	0.0285110876452
0.771428571429	0.0284810126582
0.771428571429	0.0284510010537
0.771428571429	0.0284210526316
0.771428571429	0.0283911671924
0.771428571429	0.0283613445378
0.771428571429	0.0283315844701
0.771428571429	0.0283018867925
0.771428571429	0.0282722513089
0.771428571429	0.0282426778243
0.771428571429	0.0282131661442
0.771428571429	0.0281837160752
0.771428571429	0.0281543274244
0.771428571429	0.028125
0.771428571429	0.0280957336108
0.771428571429	0.0280665280665
0.771428571429	0.0280373831776
0.771428571429	0.0280082987552
0.771428571429	0.0279792746114
0.771428571429	0.027950310559
0.771428571429	0.0279214064116
0.771428571429	0.0278925619835
0.771428571429	0.0278637770898
0.771428571429	0.0278350515464
0.771428571429	0.0278063851699
0.771428571429	0.0277777777778
0.771428571429	0.0277492291881
0.771428571429	0.0277207392197
0.771428571429	0.0276923076923
0.771428571429	0.0276639344262
0.771428571429	0.0276356192426
0.771428571429	0.0276073619632
0.771428571429	0.0275791624106
0.771428571429	0.0275510204082
0.771428571429	0.0275229357798
0.771428571429	0.0274949083503
0.771428571429	0.0274669379451
0.771428571429	0.0274390243902
0.771428571429	0.0274111675127
0.771428571429	0.02738336714
0.771428571429	0.0273556231003
0.771428571429	0.0273279352227
0.771428571429	0.0273003033367
0.771428571429	0.0272727272727
0.771428571429	0.0272452068618
0.771428571429	0.0272177419355
0.771428571429	0.0271903323263
0.771428571429	0.0271629778672
0.771428571429	0.027135678392
0.771428571429	0.0271084337349
0.771428571429	0.0270812437312
0.771428571429	0.0270541082164
0.771428571429	0.027027027027
0.771428571429	0.027
0.771428571429	0.026973026973
0.771428571429	0.0269461077844
0.771428571429	0.0269192422732
0.8	0.0278884462151
0.8	0.0278606965174
0.8	0.0278330019881
0.8	0.0278053624628
0.8	0.0277777777778
0.8	0.0277502477701
0.8	0.0277227722772
0.8	0.0276953511375
0.8	0.0276679841897
0.8	0.0276406712734
0.8	0.0276134122288
0.8	0.0275862068966
0.8	0.0275590551181
0.8	0.0275319567355
0.8	0.0275049115914
0.8	0.0274779195289
0.8	0.0274509803922
0.8	0.0274240940255
0.8	0.027397260274
0.8	0.0273704789834
0.8	0.02734375
0.8	0.0273170731707
0.8	0.0272904483431
0.8	0.0272638753651
0.8	0.0272373540856
0.8	0.0272108843537
0.8	0.0271844660194
0.8	0.0271580989331
0.8	0.0271317829457
0.8	0.027105517909
0.8	0.027079303675
0.8	0.0270531400966
0.8	0.027027027027
0.8	0.0270009643202
0.8	0.0269749518304
0.8	0.0269489894129
0.8	0.0269230769231
0.8	0.0268972142171
0.8	0.0268714011516
0.8	0.0268456375839
0.8	0.0268199233716
0.8	0.0267942583732
0.8	0.0267686424474
0.8	0.0267430754537
0.8	0.0267175572519
0.8	0.0266920877026
0.8	0.0266666666667
0.8	0.0266412940057
0.8	0.0266159695817
0.8	0.0265906932574
0.8	0.0265654648956
0.8	0.0265402843602
0.8	0.0265151515152
0.8	0.0264900662252
0.8	0.0264650283554
0.8	0.0264400377715
0.8	0.0264150943396
0.8	0.0263901979265
0.8	0.0263653483992
0.8	0.0263405456256
0.8	0.0263157894737
0.8	0.0262910798122
0.8	0.0262664165103
0.8	0.0262417994377
0.8	0.0262172284644
0.8	0.0261927034612
0.8	0.0261682242991
0.8	0.0261437908497
0.8	0.0261194029851
0.8	0.0260950605778
0.8	0.0260707635009
0.8	0.0260465116279
0.8	0.0260223048327
0.8	0.0259981429898
0.8	0.025974025974
0.8	0.0259499536608
0.8	0.0259259259259
0.8	0.0259019426457
0.8	0.0258780036969
0.8	0.0258541089566
0.8	0.0258302583026
0.8	0.0258064516129
0.8	0.0257826887661
0.8	0.0257589696412
0.8	0.0257352941176
0.8	0.0257116620753
0.8	0.0256880733945
0.8	0.025664527956
0.8	0.025641025641
0.8	0.0256175663312
0.8	0.0255941499086
0.8	0.0255707762557
0.8	0.0255474452555
0.8	0.0255241567912
0.8	0.0255009107468
0.8	0.0254777070064
0.8	0.0254545454545
0.8	0.0254314259764
0.8	0.0254083484574
0.8	0.0253853127833
0.8	0.0253623188406
0.8	0.0253393665158
0.8	0.0253164556962
0.8	0.0252935862692
0.8	0.0252707581227
0.8	0.0252479711452
0.8	0.0252252252252
0.8	0.025202520252
0.8	0.0251798561151
0.8	0.0251572327044
0.8	0.0251346499102
0.8	0.0251121076233
0.8	0.0250896057348
0.8	0.0250671441361
0.8	0.0250447227191
0.8	0.0250223413762
0.8	0.025
0.8	0.0249776984835
0.8	0.0249554367201
0.8	0.0249332146037
0.8	0.0249110320285
0.8	0.0248888888889
0.8	0.0248667850799
0.8	0.0248447204969
0.8	0.0248226950355
0.8	0.0248007085917
0.8	0.0247787610619
0.8	0.0247568523431
0.8	0.0247349823322
0.8	0.0247131509267
0.8	0.0246913580247
0.8	0.0246696035242
0.8	0.0246478873239
0.8	0.0246262093228
0.8	0.02460456942
0.8	0.0245829675154
0.8	0.0245614035088
0.8	0.0245398773006
0.8	0.0245183887916
0.8	0.0244969378828
0.8	0.0244755244755
0.8	0.0244541484716
0.8	0.0244328097731
0.8	0.0244115082825
0.8	0.0243902439024
0.8	0.0243690165361
0.8	0.024347826087
0.8	0.0243266724587
0.8	0.0243055555556
0.8	0.0242844752819
0.8	0.0242634315425
0.8	0.0242424242424
0.8	0.0242214532872
0.8	0.0242005185825
0.8	0.0241796200345
0.8	0.0241587575496
0.8	0.0241379310345
0.8	0.0241171403962
0.8	0.0240963855422
0.8	0.0240756663801
0.8	0.0240549828179
0.8	0.0240343347639
0.8	0.0240137221269
0.8	0.0239931448158
0.8	0.0239726027397
0.8	0.0239520958084
0.8	0.0239316239316
0.8	0.0239111870196
0.8	0.0238907849829
0.8	0.0238704177323
0.8	0.0238500851789
0.8	0.023829787234
0.8	0.0238095238095
0.8	0.0237892948173
0.8	0.0237691001698
0.8	0.0237489397795
0.8	0.0237288135593
0.8	0.0237087214225
0.8	0.0236886632826
0.8	0.0236686390533
0.8	0.0236486486486
0.8	0.0236286919831
0.8	0.0236087689713
0.8	0.0235888795282
0.8	0.023569023569
0.8	0.0235492010093
0.8	0.0235294117647
0.8	0.0235096557515
0.8	0.0234899328859
0.8	0.0234702430847
0.8	0.0234505862647
0.8	0.0234309623431
0.8	0.0234113712375
0.8	0.0233918128655
0.8	0.0233722871452
0.8	0.023352793995
0.8	0.0233333333333
0.8	0.0233139050791
0.8	0.0232945091514
0.8	0.0232751454697
0.8	0.0232558139535
0.8	0.0232365145228
0.8	0.0232172470978
0.8	0.023198011599
0.8	0.023178807947
0.8	0.0231596360629
0.8	0.0231404958678
0.8	0.0231213872832
0.8	0.023102310231
0.8	0.0230832646331
0.8	0.0230642504119
0.8	0.0230452674897
0.8	0.0230263157895
0.8	0.0230073952342
0.8	0.0229885057471
0.8	0.0229696472518
0.8	0.0229508196721
0.8	0.022932022932
0.8	0.0229132569558
0.8	0.022894521668
0.8	0.0228758169935
0.828571428571	0.0236734693878
0.828571428571	0.0236541598695
0.828571428571	0.0236348818256
0.828571428571	0.0236156351792
0.828571428571	0.0235964198535
0.828571428571	0.0235772357724
0.828571428571	0.0235580828595
0.828571428571	0.023538961039
0.828571428571	0.0235198702352
0.828571428571	0.0235008103728
0.828571428571	0.0234817813765
0.828571428571	0.0234627831715
0.828571428571	0.0234438156831
0.828571428571	0.0234248788368
0.828571428571	0.0234059725585
0.828571428571	0.0233870967742
0.828571428571	0.0233682514102
0.828571428571	0.0233494363929
0.828571428571	0.0233306516492
0.828571428571	0.0233118971061
0.828571428571	0.0232931726908
0.828571428571	0.0232744783307
0.828571428571	0.0232558139535
0.828571428571	0.0232371794872
0.828571428571	0.0232185748599
0.828571428571	0.0232
0.828571428571	0.0231814548361
0.828571428571	0.0231629392971
0.828571428571	0.0231444533121
0.828571428571	0.0231259968102
0.828571428571	0.0231075697211
0.828571428571	0.0230891719745
0.828571428571	0.0230708035004
0.828571428571	0.0230524642289
0.828571428571	0.0230341540905
0.828571428571	0.0230158730159
0.828571428571	0.0229976209358
0.828571428571	0.0229793977813
0.828571428571	0.0229612034838
0.828571428571	0.0229430379747
0.828571428571	0.0229249011858
0.828571428571	0.022906793049
0.828571428571	0.0228887134964
0.828571428571	0.0228706624606
0.828571428571	0.0228526398739
0.828571428571	0.0228346456693
0.828571428571	0.0228166797797
0.828571428571	0.0227987421384
0.828571428571	0.0227808326787
0.828571428571	0.0227629513344
0.828571428571	0.0227450980392
0.828571428571	0.0227272727273
0.828571428571	0.0227094753328
0.828571428571	0.0226917057903
0.828571428571	0.0226739640344
0.828571428571	0.02265625
0.828571428571	0.0226385636222
0.828571428571	0.0226209048362
0.828571428571	0.0226032735776
0.828571428571	0.0225856697819
0.828571428571	0.0225680933852
0.828571428571	0.0225505443235
0.828571428571	0.022533022533
0.828571428571	0.0225155279503
0.828571428571	0.022498060512
0.828571428571	0.022480620155
0.828571428571	0.0224632068164
0.828571428571	0.0224458204334
0.828571428571	0.0224284609435
0.828571428571	0.0224111282844
0.828571428571	0.0223938223938
0.828571428571	0.0223765432099
0.828571428571	0.0223592906708
0.828571428571	0.0223420647149
0.828571428571	0.022324865281
0.828571428571	0.0223076923077
0.828571428571	0.0222905457341
0.828571428571	0.0222734254992
0.828571428571	0.0222563315426
0.828571428571	0.0222392638037
0.828571428571	0.0222222222222
0.828571428571	0.0222052067381
0.828571428571	0.0221882172915
0.828571428571	0.0221712538226
0.828571428571	0.022154316272
0.828571428571	0.0221374045802
0.828571428571	0.022120518688
0.828571428571	0.0221036585366
0.828571428571	0.022086824067
0.828571428571	0.0220700152207
0.828571428571	0.0220532319392
0.828571428571	0.0220364741641
0.828571428571	0.0220197418375
0.828571428571	0.0220030349014
0.828571428571	0.021986353298
0.828571428571	0.0219696969697
0.828571428571	0.0219530658592
0.828571428571	0.0219364599092
0.828571428571	0.0219198790627
0.828571428571	0.0219033232628
0.828571428571	0.0218867924528
0.828571428571	0.0218702865762
0.828571428571	0.0218538055765
0.828571428571	0.0218373493976
0.828571428571	0.0218209179834
0.828571428571	0.0218045112782
0.828571428571	0.0217881292261
0.828571428571	0.0217717717718
0.828571428571	0.0217554388597
0.828571428571	0.0217391304348
0.828571428571	0.0217228464419
0.828571428571	0.0217065868263
0.828571428571	0.0216903515333
0.828571428571	0.0216741405082
0.828571428571	0.0216579536968
0.828571428571	0.0216417910448
0.828571428571	0.0216256524981
0.828571428571	0.021609538003
0.828571428571	0.0215934475056
0.828571428571	0.0215773809524
0.828571428571	0.02156133829
0.828571428571	0.0215453194651
0.828571428571	0.0215293244246
0.828571428571	0.0215133531157
0.828571428571	0.0214974054855
0.828571428571	0.0214814814815
0.828571428571	0.0214655810511
0.828571428571	0.021449704142
0.828571428571	0.0214338507021
0.828571428571	0.0214180206795
0.828571428571	0.0214022140221
0.828571428571	0.0213864306785
0.828571428571	0.0213706705969
0.828571428571	0.0213549337261
0.828571428571	0.0213392200147
0.828571428571	0.0213235294118
0.828571428571	0.0213078618663
0.828571428571	0.0212922173275
0.828571428571	0.0212765957447
0.828571428571	0.0212609970674
0.828571428571	0.0212454212454
0.828571428571	0.0212298682284
0.828571428571	0.0212143379663
0.828571428571	0.0211988304094
0.828571428571	0.0211833455077
0.828571428571	0.0211678832117
0.828571428571	0.0211524434719
0.828571428571	0.0211370262391
0.828571428571	0.0211216314639
0.828571428571	0.0211062590975
0.828571428571	0.0210909090909
0.828571428571	0.0210755813953
0.828571428571	0.0210602759622
0.828571428571	0.0210449927431
0.828571428571	0.0210297316896
0.828571428571	0.0210144927536
0.828571428571	0.020999275887
0.828571428571	0.020984081042
0.828571428571	0.0209689081706
0.828571428571	0.0209537572254
0.828571428571	0.0209386281588
0.828571428571	0.0209235209235
0.828571428571	0.0209084354722
0.828571428571	0.0208933717579
0.828571428571	0.0208783297336
0.828571428571	0.0208633093525
0.828571428571	0.0208483105679
0.828571428571	0.0208333333333
0.828571428571	0.0208183776023
0.828571428571	0.0208034433286
0.828571428571	0.0207885304659
0.828571428571	0.0207736389685
0.828571428571	0.0207587687903
0.828571428571	0.0207439198856
0.828571428571	0.0207290922087
0.828571428571	0.0207142857143
0.828571428571	0.0206995003569
0.828571428571	0.0206847360913
0.828571428571	0.0206699928724
0.828571428571	0.0206552706553
0.828571428571	0.020640569395
0.828571428571	0.0206258890469
0.828571428571	0.0206112295665
0.828571428571	0.0205965909091
0.857142857143	0.0212916962385
0.857142857143	0.0212765957447
0.857142857143	0.0212615166549
0.857142857143	0.0212464589235
0.857142857143	0.0212314225053
0.857142857143	0.021216407355
0.857142857143	0.0212014134276
0.857142857143	0.021186440678
0.857142857143	0.0211714890614
0.857142857143	0.0211565585331
0.857142857143	0.0211416490486
0.857142857143	0.0211267605634
0.857142857143	0.0211118930331
0.857142857143	0.0210970464135
0.857142857143	0.0210822206606
0.857142857143	0.0210674157303
0.857142857143	0.0210526315789
0.857142857143	0.0210378681627
0.857142857143	0.021023125438
0.857142857143	0.0210084033613
0.857142857143	0.0209937018894
0.857142857143	0.020979020979
0.857142857143	0.020964360587
0.857142857143	0.0209497206704
0.857142857143	0.0209351011863
0.857142857143	0.0209205020921
0.885714285714	0.0216027874564
0.885714285714	0.0215877437326
0.885714285714	0.0215727209464
0.885714285714	0.0215577190542
0.885714285714	0.0215427380125
0.885714285714	0.0215277777778
0.885714285714	0.0215128383067
0.885714285714	0.0214979195562
0.885714285714	0.021483021483
0.885714285714	0.0214681440443
0.885714285714	0.0214532871972
0.885714285714	0.021438450899
0.885714285714	0.0214236351071
0.885714285714	0.021408839779
0.885714285714	0.0213940648723
0.885714285714	0.0213793103448
0.885714285714	0.0213645761544
0.885714285714	0.021349862259
0.885714285714	0.0213351686167
0.885714285714	0.0213204951857
0.885714285714	0.0213058419244
0.885714285714	0.0212912087912
0.885714285714	0.0212765957447
0.885714285714	0.0212620027435
0.885714285714	0.0212474297464
0.885714285714	0.0212328767123
0.885714285714	0.0212183436003
0.885714285714	0.0212038303694
0.885714285714	0.0211893369788
0.885714285714	0.021174863388
0.885714285714	0.0211604095563
0.885714285714	0.0211459754434
0.885714285714	0.0211315610089
0.885714285714	0.0211171662125
0.885714285714	0.0211027910143
0.885714285714	0.0210884353741
0.885714285714	0.0210740992522
0.885714285714	0.0210597826087
0.885714285714	0.0210454854039
0.885714285714	0.0210312075984
0.885714285714	0.0210169491525
0.885714285714	0.0210027100271
0.885714285714	0.0209884901828
0.885714285714	0.0209742895805
0.885714285714	0.0209601081812
0.885714285714	0.0209459459459
0.885714285714	0.0209318028359
0.885714285714	0.0209176788124
0.885714285714	0.0209035738368
0.885714285714	0.0208894878706
0.885714285714	0.0208754208754
0.885714285714	0.0208613728129
0.885714285714	0.0208473436449
0.885714285714	0.0208333333333
0.885714285714	0.0208193418402
0.885714285714	0.0208053691275
0.885714285714	0.0207914151576
0.885714285714	0.0207774798928
0.885714285714	0.0207635632954
0.885714285714	0.020749665328
0.885714285714	0.0207357859532
0.885714285714	0.0207219251337
0.885714285714	0.0207080828323
0.885714285714	0.020694259012
0.885714285714	0.0206804536358
0.885714285714	0.0206666666667
0.885714285714	0.020652898068
0.885714285714	0.0206391478029
0.885714285714	0.020625415835
0.885714285714	0.0206117021277
0.885714285714	0.0205980066445
0.885714285714	0.0205843293493
0.885714285714	0.0205706702057
0.885714285714	0.0205570291777
0.885714285714	0.0205434062293
0.885714285714	0.0205298013245
0.885714285714	0.0205162144275
0.885714285714	0.0205026455026
0.885714285714	0.0204890945142
0.885714285714	0.0204755614267
0.885714285714	0.0204620462046
0.885714285714	0.0204485488127
0.885714285714	0.0204350692156
0.885714285714	0.0204216073781
0.885714285714	0.0204081632653
0.885714285714	0.0203947368421
0.885714285714	0.0203813280736
0.885714285714	0.0203679369251
0.885714285714	0.0203545633618
0.885714285714	0.0203412073491
0.885714285714	0.0203278688525
0.885714285714	0.0203145478375
0.885714285714	0.0203012442698
0.885714285714	0.0202879581152
0.885714285714	0.0202746893394
0.885714285714	0.0202614379085
0.885714285714	0.0202482037884
0.885714285714	0.0202349869452
0.885714285714	0.0202217873451
0.885714285714	0.0202086049544
0.885714285714	0.0201954397394
0.885714285714	0.0201822916667
0.885714285714	0.0201691607027
0.885714285714	0.020156046814
0.885714285714	0.0201429499675
0.885714285714	0.0201298701299
0.885714285714	0.020116807268
0.885714285714	0.0201037613489
0.885714285714	0.0200907323396
0.885714285714	0.0200777202073
0.885714285714	0.0200647249191
0.885714285714	0.0200517464424
0.885714285714	0.0200387847447
0.885714285714	0.0200258397933
0.885714285714	0.0200129115558
0.885714285714	0.02
0.885714285714	0.0199871050935
0.885714285714	0.0199742268041
0.885714285714	0.0199613650998
0.885714285714	0.0199485199485
0.885714285714	0.0199356913183
0.885714285714	0.0199228791774
0.885714285714	0.0199100834939
0.885714285714	0.0198973042362
0.885714285714	0.0198845413727
0.885714285714	0.0198717948718
0.885714285714	0.0198590647021
0.885714285714	0.0198463508323
0.885714285714	0.019833653231
0.885714285714	0.019820971867
0.885714285714	0.0198083067093
0.885714285714	0.0197956577267
0.885714285714	0.0197830248883
0.885714285714	0.0197704081633
0.885714285714	0.0197578075207
0.885714285714	0.0197452229299
0.885714285714	0.0197326543603
0.885714285714	0.0197201017812
0.885714285714	0.0197075651621
0.885714285714	0.0196950444727
0.885714285714	0.0196825396825
0.885714285714	0.0196700507614
0.885714285714	0.0196575776791
0.885714285714	0.0196451204056
0.885714285714	0.0196326789107
0.885714285714	0.0196202531646
0.885714285714	0.0196078431373
0.885714285714	0.019595448799
0.885714285714	0.01958307012
0.885714285714	0.0195707070707
0.885714285714	0.0195583596215
0.885714285714	0.0195460277427
0.885714285714	0.0195337114052
0.885714285714	0.0195214105793
0.885714285714	0.019509125236
0.885714285714	0.0194968553459
0.885714285714	0.0194846008799
0.885714285714	0.019472361809
0.885714285714	0.0194601381042
0.885714285714	0.0194479297365
0.885714285714	0.0194357366771
0.885714285714	0.0194235588972
0.885714285714	0.0194113963682
0.885714285714	0.0193992490613
0.885714285714	0.0193871169481
0.885714285714	0.019375
0.885714285714	0.0193628981886
0.885714285714	0.0193508114856
0.885714285714	0.0193387398628
0.885714285714	0.0193266832918
0.885714285714	0.0193146417445
0.885714285714	0.019302615193
0.885714285714	0.0192906036092
0.885714285714	0.0192786069652
0.885714285714	0.0192666252331
0.885714285714	0.0192546583851
0.885714285714	0.0192427063935
0.885714285714	0.0192307692308
0.914285714286	0.0198388096714
0.914285714286	0.0198265179678
0.914285714286	0.0198142414861
0.914285714286	0.019801980198
0.914285714286	0.0197897340754
0.914285714286	0.0197775030902
0.914285714286	0.0197652872143
0.914285714286	0.0197530864198
0.914285714286	0.0197409006786
0.914285714286	0.019728729963
0.914285714286	0.0197165742452
0.914285714286	0.0197044334975
0.914285714286	0.0196923076923
0.914285714286	0.019680196802
0.914285714286	0.019668100799
0.914285714286	0.019656019656
0.914285714286	0.0196439533456
0.914285714286	0.0196319018405
0.914285714286	0.0196198651134
0.914285714286	0.0196078431373
0.914285714286	0.0195958358849
0.914285714286	0.0195838433293
0.914285714286	0.0195718654434
0.914285714286	0.0195599022005
0.914285714286	0.0195479535736
0.914285714286	0.019536019536
0.914285714286	0.019524100061
0.914285714286	0.019512195122
0.914285714286	0.0195003046923
0.914285714286	0.0194884287454
0.914285714286	0.019476567255
0.914285714286	0.0194647201946
0.914285714286	0.019452887538
0.914285714286	0.0194410692588
0.914285714286	0.0194292653309
0.914285714286	0.0194174757282
0.914285714286	0.0194057004245
0.914285714286	0.0193939393939
0.914285714286	0.0193821926105
0.914285714286	0.0193704600484
0.914285714286	0.0193587416818
0.914285714286	0.0193470374849
0.914285714286	0.019335347432
0.914285714286	0.0193236714976
0.914285714286	0.019312009656
0.914285714286	0.0193003618818
0.914285714286	0.0192887281495
0.914285714286	0.0192771084337
0.914285714286	0.0192655027092
0.914285714286	0.0192539109507
0.914285714286	0.0192423331329
0.914285714286	0.0192307692308
0.914285714286	0.0192192192192
0.914285714286	0.0192076830732
0.914285714286	0.0191961607678
0.914285714286	0.0191846522782
0.914285714286	0.0191731575794
0.914285714286	0.0191616766467
0.914285714286	0.0191502094554
0.914285714286	0.0191387559809
0.914285714286	0.0191273161984
0.914285714286	0.0191158900836
0.914285714286	0.0191044776119
0.914285714286	0.0190930787589
0.914285714286	0.0190816935003
